1.293222785829474183e-02 1.001169358037018009e+00
1.764839540059406214e-02 9.991149137497361554e-01
2.256548624743046419e-02 1.007393485453427662e+00
2.777643631869636254e-02 9.997978322000519169e-01
3.269804945164274390e-02 1.000144854049417109e+00
3.761648412163148131e-02 9.989453299883090942e-01
4.263843590653305232e-02 1.005471939022629435e+00
4.756514397867403487e-02 1.000002704181873980e+00
5.262095846540339877e-02 9.993200275959773782e-01
5.756031579008965421e-02 1.001448233951989897e+00
6.254738086573084777e-02 1.001105199225756470e+00
6.757793245805245042e-02 9.987811704976801153e-01
7.255917271873940644e-02 9.934606331421809156e-01
7.753384095836815537e-02 9.937652550439803889e-01
8.251793095580772786e-02 9.910565752019864227e-01
8.752751585855109151e-02 9.878480016930352159e-01
9.254701595891277888e-02 9.843925158600485004e-01
9.754962816585227570e-02 9.797107744912018079e-01
1.025319577549816258e-01 9.837691295665952351e-01
1.075115963337572589e-01 9.741133933984100768e-01
1.125102824869452789e-01 9.721298735704543281e-01
1.175500815351475520e-01 9.705353347099778816e-01
1.225369407693439883e-01 9.643623426357625927e-01
1.275260915928623784e-01 9.596793278275388417e-01
1.325302049517290692e-01 9.553357851393170508e-01
1.375062658167523211e-01 9.466157118852325247e-01
1.425134383761389734e-01 9.494851864375267736e-01
1.475259185391497030e-01 9.351169598618668255e-01
1.525299392618520711e-01 9.241844451069174404e-01
1.574945641255308948e-01 9.193398435399164903e-01
1.625189271701958649e-01 9.161618560939145395e-01
1.675460952755878641e-01 9.042700117236182056e-01
1.725291960336882702e-01 8.961102376145906323e-01
1.775301907015699454e-01 8.868058951585745531e-01
1.825147596880774270e-01 8.784275203472675653e-01
1.875360659894858284e-01 8.773209776707611152e-01
1.925323612841613186e-01 8.704484240943357598e-01
1.975198597713469784e-01 8.532921938442862286e-01
2.025153626490957537e-01 8.479704329346836600e-01
2.075088432181977638e-01 8.288671709773920426e-01
2.125177993514315300e-01 8.125802715273026111e-01
2.175004105537196031e-01 8.081219867662893241e-01
2.225093097263722841e-01 7.948532546272525368e-01
2.275289518807653844e-01 7.845478150644332738e-01
2.325285335280651844e-01 7.755168337190705419e-01
2.375276482184169591e-01 7.590579958170141639e-01
2.424990955345757426e-01 7.524883177506888066e-01
2.474998477592638135e-01 7.452911975439460157e-01
2.525200231637340087e-01 7.320942408873332141e-01
2.575182183021309523e-01 7.234173443124923830e-01
2.625255611121785626e-01 7.096074657411816089e-01
2.675305453620265839e-01 6.941577917099086559e-01
2.725404518957729172e-01 6.943487017670798567e-01
2.775333128253931747e-01 6.660186918488152363e-01
2.825123834702270575e-01 6.533926608224347454e-01
2.875104583320112761e-01 6.468951717115535294e-01
2.924971256070409975e-01 6.384994425285233088e-01
2.975058753683166857e-01 6.262338230319863808e-01
3.025121290118005790e-01 6.154766071201545063e-01
3.075010305668674504e-01 5.968999110845530920e-01
3.125134098098726332e-01 5.938766119230945995e-01
3.175159610161298329e-01 5.785577383711683064e-01
3.225221298316590657e-01 5.605433024536541353e-01
3.275181648077026830e-01 5.600134091908830491e-01
3.325123749530841666e-01 5.466746395956679772e-01
3.374959275080859911e-01 5.358301780553097471e-01
3.424919127583013201e-01 5.226998327446404913e-01
3.475179694433840893e-01 5.070066091677521980e-01
3.525059921296319621e-01 5.084224500228502475e-01
3.575140093809558994e-01 4.924513142180752534e-01
3.625250121899725175e-01 4.818037620383374686e-01
3.675230343842291747e-01 4.652314356363536629e-01
3.725176954699487286e-01 4.589705123269698372e-01
3.775162922269588162e-01 4.526513547387063796e-01
3.825226775013820801e-01 4.384539872848871589e-01
3.875129949299158105e-01 4.410601226857426282e-01
3.924957752247317244e-01 4.255361729361058498e-01
