1.293222785829474183e-02 9.826047803055110164e-01
1.764839540059406214e-02 9.659746039847889598e-01
2.256548624743046419e-02 9.628644980487701677e-01
2.777643631869636254e-02 9.779586501863786197e-01
3.269804945164274390e-02 9.875143461507434051e-01
3.761648412163148131e-02 9.830318184888374722e-01
4.263843590653305232e-02 9.684974594999748998e-01
4.756514397867403487e-02 9.752061306147364883e-01
5.262095846540339877e-02 1.004449270782977521e+00
5.756031579008965421e-02 9.903161178814420262e-01
6.254738086573084777e-02 1.006940122734419463e+00
6.757793245805245042e-02 9.984960946386265412e-01
7.255917271873940644e-02 1.021860406821416323e+00
7.753384095836815537e-02 1.019928331267523580e+00
8.251793095580772786e-02 1.032013008911608187e+00
8.752751585855109151e-02 1.034331892861143132e+00
9.254701595891277888e-02 1.047453315639554905e+00
9.754962816585227570e-02 1.052279353643724047e+00
1.025319577549816258e-01 1.035443909018612274e+00
1.075115963337572589e-01 1.048050122637999459e+00
1.125102824869452789e-01 1.055919460356533834e+00
1.175500815351475520e-01 1.047872829853665477e+00
1.225369407693439883e-01 1.044763888950209774e+00
1.275260915928623784e-01 1.054235594542240362e+00
1.325302049517290692e-01 1.055709925449308750e+00
1.375062658167523211e-01 1.058632097732825850e+00
1.425134383761389734e-01 1.054433883920815607e+00
1.475259185391497030e-01 1.042482925057316656e+00
1.525299392618520711e-01 1.041407289819932469e+00
1.574945641255308948e-01 1.049277215107962347e+00
1.625189271701958649e-01 1.030618790413012631e+00
1.675460952755878641e-01 1.049049806742241353e+00
1.725291960336882702e-01 1.031765921105474382e+00
1.775301907015699454e-01 1.045562323645177649e+00
1.825147596880774270e-01 1.041051671119902267e+00
1.875360659894858284e-01 1.025878687307162807e+00
1.925323612841613186e-01 1.029171643533993263e+00
1.975198597713469784e-01 1.034546883966730224e+00
2.025153626490957537e-01 1.032472062123785728e+00
2.075088432181977638e-01 1.014620039347985614e+00
2.125177993514315300e-01 1.017975424844503651e+00
2.175004105537196031e-01 1.032803142017822751e+00
2.225093097263722841e-01 1.017931594853761945e+00
2.275289518807653844e-01 1.012603512535771078e+00
2.325285335280651844e-01 1.011829637572353446e+00
2.375276482184169591e-01 1.007872392864013422e+00
2.424990955345757426e-01 1.010516870328836969e+00
2.474998477592638135e-01 9.980275701180628678e-01
2.525200231637340087e-01 1.018896412703793830e+00
2.575182183021309523e-01 9.957990422463000035e-01
2.625255611121785626e-01 1.005663749349915870e+00
2.675305453620265839e-01 1.001405138948264550e+00
2.725404518957729172e-01 9.843418898885776258e-01
2.775333128253931747e-01 9.951251427758025514e-01
2.825123834702270575e-01 9.986722794441112994e-01
2.875104583320112761e-01 9.941053903708525485e-01
2.924971256070409975e-01 1.006731824574403689e+00
2.975058753683166857e-01 9.890351603471505548e-01
3.025121290118005790e-01 9.969538355368706695e-01
3.075010305668674504e-01 9.967382684430582396e-01
3.125134098098726332e-01 9.859968562062361164e-01
3.175159610161298329e-01 9.854952605266169563e-01
3.225221298316590657e-01 9.714297512501854914e-01
3.275181648077026830e-01 9.759149900995139904e-01
3.325123749530841666e-01 9.889727635321460264e-01
3.374959275080859911e-01 9.740593275504517701e-01
3.424919127583013201e-01 9.605128216537683894e-01
3.475179694433840893e-01 9.835334805638001887e-01
3.525059921296319621e-01 9.469428706727539558e-01
3.575140093809558994e-01 9.677074449811637891e-01
3.625250121899725175e-01 9.751833135838902100e-01
3.675230343842291747e-01 9.688440806616190892e-01
3.725176954699487286e-01 9.528641067025351852e-01
3.775162922269588162e-01 9.507910173498992368e-01
3.825226775013820801e-01 9.351765122731034996e-01
3.875129949299158105e-01 9.490779021487019129e-01
3.924957752247317244e-01 9.574698903056586552e-01
