1.293222785829474183e-02 9.930419536091092958e-01
1.764839540059406214e-02 9.960022402235370054e-01
2.256548624743046419e-02 1.005465043932301183e+00
2.777643631869636254e-02 9.977990780071235299e-01
3.269804945164274390e-02 9.992670419672223803e-01
3.761648412163148131e-02 9.978030680618883430e-01
4.263843590653305232e-02 1.002337445661725557e+00
4.756514397867403487e-02 9.985030830349457265e-01
5.262095846540339877e-02 9.953755385892485430e-01
5.756031579008965421e-02 9.968586707480342479e-01
6.254738086573084777e-02 9.977313263733456061e-01
6.757793245805245042e-02 9.936363913640908763e-01
7.255917271873940644e-02 9.882847590328243115e-01
7.753384095836815537e-02 9.872481225721616571e-01
8.251793095580772786e-02 9.840869637880769183e-01
8.752751585855109151e-02 9.792791503071496262e-01
9.254701595891277888e-02 9.755598986081560620e-01
9.754962816585227570e-02 9.675625776920101506e-01
1.025319577549816258e-01 9.730194225081634229e-01
1.075115963337572589e-01 9.619677657281971994e-01
1.125102824869452789e-01 9.606506393247740139e-01
1.175500815351475520e-01 9.559995431316545833e-01
1.225369407693439883e-01 9.486560268640071847e-01
1.275260915928623784e-01 9.441752857272216470e-01
1.325302049517290692e-01 9.381415675283728550e-01
1.375062658167523211e-01 9.278455708092342435e-01
1.425134383761389734e-01 9.301393937101432030e-01
1.475259185391497030e-01 9.104580958869986640e-01
1.525299392618520711e-01 9.016488041772326989e-01
1.574945641255308948e-01 8.973245855366368540e-01
1.625189271701958649e-01 8.880472098340776999e-01
1.675460952755878641e-01 8.781142244799560181e-01
1.725291960336882702e-01 8.663708379594010633e-01
1.775301907015699454e-01 8.592053415552196594e-01
1.825147596880774270e-01 8.481125972950342984e-01
1.875360659894858284e-01 8.462117060603006058e-01
1.925323612841613186e-01 8.412068642649741523e-01
1.975198597713469784e-01 8.211370291205233318e-01
2.025153626490957537e-01 8.134191044730597620e-01
2.075088432181977638e-01 7.927720700373046547e-01
2.125177993514315300e-01 7.718983727340973378e-01
2.175004105537196031e-01 7.695495390449551554e-01
2.225093097263722841e-01 7.527791226906247468e-01
2.275289518807653844e-01 7.435683769768151041e-01
2.325285335280651844e-01 7.299265519234859889e-01
2.375276482184169591e-01 7.159817983035616784e-01
2.424990955345757426e-01 7.120060697419379192e-01
2.474998477592638135e-01 7.017657605828268030e-01
2.525200231637340087e-01 6.861437659893658836e-01
2.575182183021309523e-01 6.790397443170990144e-01
2.625255611121785626e-01 6.637589376774670757e-01
2.675305453620265839e-01 6.467848380851215495e-01
2.725404518957729172e-01 6.431110869302966160e-01
2.775333128253931747e-01 6.167304574901925074e-01
2.825123834702270575e-01 6.051192895168219232e-01
2.875104583320112761e-01 5.929836182347866247e-01
2.924971256070409975e-01 5.846946872563577591e-01
2.975058753683166857e-01 5.744570513522069266e-01
3.025121290118005790e-01 5.626909228312531042e-01
3.075010305668674504e-01 5.427629572519599988e-01
3.125134098098726332e-01 5.365477200425233795e-01
3.175159610161298329e-01 5.208581104154943464e-01
3.225221298316590657e-01 5.050967303011296705e-01
3.275181648077026830e-01 5.023499790646770435e-01
3.325123749530841666e-01 4.880879079490703654e-01
3.374959275080859911e-01 4.799829689170116431e-01
3.424919127583013201e-01 4.646440117366237299e-01
3.475179694433840893e-01 4.516034404405050440e-01
3.525059921296319621e-01 4.463234197771610567e-01
3.575140093809558994e-01 4.350010856434700091e-01
3.625250121899725175e-01 4.282854390563410885e-01
3.675230343842291747e-01 4.074695240690854869e-01
3.725176954699487286e-01 3.972047964588183988e-01
3.775162922269588162e-01 3.989890586101570435e-01
3.825226775013820801e-01 3.715213018848336768e-01
3.875129949299158105e-01 3.754544860910708493e-01
3.924957752247317244e-01 3.668789303307486427e-01
