1.293222785829474183e-02 9.837537971025734906e-01
1.764839540059406214e-02 9.651196331446980636e-01
2.256548624743046419e-02 9.699834227087157368e-01
2.777643631869636254e-02 9.777609384376301227e-01
3.269804945164274390e-02 9.876573916026408773e-01
3.761648412163148131e-02 9.819950443093392600e-01
4.263843590653305232e-02 9.737970185419302371e-01
4.756514397867403487e-02 9.752087677494782891e-01
5.262095846540339877e-02 1.003766272997604458e+00
5.756031579008965421e-02 9.917503273065607639e-01
6.254738086573084777e-02 1.008052992178448681e+00
6.757793245805245042e-02 9.972790981405297295e-01
7.255917271873940644e-02 1.015178086743730779e+00
7.753384095836815537e-02 1.013569338248651919e+00
8.251793095580772786e-02 1.022783278175835697e+00
8.752751585855109151e-02 1.021762693450254833e+00
9.254701595891277888e-02 1.031105204628370853e+00
9.754962816585227570e-02 1.030929420539394403e+00
1.025319577549816258e-01 1.018637753090273046e+00
1.075115963337572589e-01 1.020919661414521507e+00
1.125102824869452789e-01 1.026490851496979717e+00
1.175500815351475520e-01 1.016997607655518943e+00
1.225369407693439883e-01 1.007530951449274070e+00
1.275260915928623784e-01 1.011728106742163069e+00
1.325302049517290692e-01 1.008557470508485210e+00
1.375062658167523211e-01 1.002117776819915873e+00
1.425134383761389734e-01 1.001169352860601158e+00
1.475259185391497030e-01 9.748434635875041776e-01
1.525299392618520711e-01 9.624524182725332500e-01
1.574945641255308948e-01 9.646423507673534958e-01
1.625189271701958649e-01 9.442136239500508177e-01
1.675460952755878641e-01 9.486242810414657889e-01
1.725291960336882702e-01 9.245760047244635516e-01
1.775301907015699454e-01 9.272108323642410665e-01
1.825147596880774270e-01 9.144884380152349390e-01
1.875360659894858284e-01 9.000248929199170522e-01
1.925323612841613186e-01 8.958408352367419614e-01
1.975198597713469784e-01 8.827707802547415383e-01
2.025153626490957537e-01 8.755057815120720344e-01
2.075088432181977638e-01 8.409852416313349233e-01
2.125177993514315300e-01 8.271867471282678963e-01
2.175004105537196031e-01 8.346309270659091339e-01
2.225093097263722841e-01 8.091062411574225788e-01
2.275289518807653844e-01 7.944358732865096639e-01
2.325285335280651844e-01 7.846909167932262230e-01
2.375276482184169591e-01 7.650335985666563143e-01
2.424990955345757426e-01 7.604021398124374276e-01
2.474998477592638135e-01 7.438211629151655346e-01
2.525200231637340087e-01 7.459281958012110580e-01
2.575182183021309523e-01 7.203782986107417630e-01
2.625255611121785626e-01 7.136265045639686999e-01
2.675305453620265839e-01 6.951331798592815803e-01
2.725404518957729172e-01 6.834765133390877656e-01
2.775333128253931747e-01 6.627719458174055056e-01
2.825123834702270575e-01 6.525251379555939701e-01
2.875104583320112761e-01 6.430819772033337101e-01
2.924971256070409975e-01 6.427977087664797917e-01
2.975058753683166857e-01 6.193672695772497461e-01
3.025121290118005790e-01 6.136017641516575694e-01
3.075010305668674504e-01 5.949529838082328048e-01
3.125134098098726332e-01 5.855604723305821713e-01
3.175159610161298329e-01 5.701659091057847961e-01
3.225221298316590657e-01 5.445284408675108434e-01
3.275181648077026830e-01 5.465254806861157277e-01
3.325123749530841666e-01 5.406463290738676708e-01
3.374959275080859911e-01 5.219303829177939225e-01
3.424919127583013201e-01 5.020598912275073822e-01
3.475179694433840893e-01 4.986579749836096420e-01
3.525059921296319621e-01 4.814470143391125778e-01
3.575140093809558994e-01 4.765488030595898539e-01
3.625250121899725175e-01 4.698469891617301220e-01
3.675230343842291747e-01 4.507367225539882782e-01
3.725176954699487286e-01 4.373365272312430552e-01
3.775162922269588162e-01 4.303768420768248060e-01
3.825226775013820801e-01 4.100318706213164632e-01
3.875129949299158105e-01 4.186004159600337227e-01
3.924957752247317244e-01 4.074380728222230519e-01
