1.293222785829474183e-02 1.101430923570225762e+00
1.764839540059406214e-02 1.031727733969524996e+00
2.256548624743046419e-02 9.933449476970612757e-01
2.777643631869636254e-02 9.895558797384967908e-01
3.269804945164274390e-02 9.901170387441624587e-01
3.761648412163148131e-02 9.849813945374602531e-01
4.263843590653305232e-02 9.679782925460862497e-01
4.756514397867403487e-02 9.734060582208821089e-01
5.262095846540339877e-02 1.004699833282213683e+00
5.756031579008965421e-02 9.919785142898317476e-01
6.254738086573084777e-02 1.006989645798437305e+00
6.757793245805245042e-02 9.971591078488346582e-01
7.255917271873940644e-02 1.022979764654684098e+00
7.753384095836815537e-02 1.019691030922500241e+00
8.251793095580772786e-02 1.031111929349690648e+00
8.752751585855109151e-02 1.034861455425797772e+00
9.254701595891277888e-02 1.046456920402021762e+00
9.754962816585227570e-02 1.057143908252993869e+00
1.025319577549816258e-01 1.036406045933356612e+00
1.075115963337572589e-01 1.050035195470651495e+00
1.125102824869452789e-01 1.056849138945522570e+00
1.175500815351475520e-01 1.047483448309922904e+00
1.225369407693439883e-01 1.046407579478262351e+00
1.275260915928623784e-01 1.057291453725978991e+00
1.325302049517290692e-01 1.055077293634513858e+00
1.375062658167523211e-01 1.059500516583340879e+00
1.425134383761389734e-01 1.055060643428120448e+00
1.475259185391497030e-01 1.047959527208243369e+00
1.525299392618520711e-01 1.043850628366296496e+00
1.574945641255308948e-01 1.047051341639667621e+00
1.625189271701958649e-01 1.034675687522196741e+00
1.675460952755878641e-01 1.048870783354294955e+00
1.725291960336882702e-01 1.037119557286200644e+00
1.775301907015699454e-01 1.048175357314122813e+00
1.825147596880774270e-01 1.043784338769042197e+00
1.875360659894858284e-01 1.022446935141726687e+00
1.925323612841613186e-01 1.031576054847095580e+00
1.975198597713469784e-01 1.034756921859309786e+00
2.025153626490957537e-01 1.034013560478045601e+00
2.075088432181977638e-01 1.015646889003989362e+00
2.125177993514315300e-01 1.022191343150064213e+00
2.175004105537196031e-01 1.032327932000104420e+00
2.225093097263722841e-01 1.022263783393897452e+00
2.275289518807653844e-01 1.011549383496727073e+00
2.325285335280651844e-01 1.016803896594765000e+00
2.375276482184169591e-01 1.004947597926049818e+00
2.424990955345757426e-01 1.010707701565556560e+00
2.474998477592638135e-01 1.002257338080584148e+00
2.525200231637340087e-01 1.020295449951407196e+00
2.575182183021309523e-01 9.944259919346868370e-01
2.625255611121785626e-01 1.007314134949610862e+00
2.675305453620265839e-01 1.001433161910450398e+00
2.725404518957729172e-01 9.932623853707852613e-01
2.775333128253931747e-01 9.961746198721572743e-01
2.825123834702270575e-01 9.952319855898686951e-01
2.875104583320112761e-01 9.924225502156909240e-01
2.924971256070409975e-01 1.010023708225452621e+00
2.975058753683166857e-01 9.902151527443688872e-01
3.025121290118005790e-01 9.967835985215492967e-01
3.075010305668674504e-01 9.998305214373933714e-01
3.125134098098726332e-01 9.875382249399017320e-01
3.175159610161298329e-01 9.827638625446295517e-01
3.225221298316590657e-01 9.796733641557771044e-01
3.275181648077026830e-01 9.773381968418426435e-01
3.325123749530841666e-01 9.879870908056830325e-01
3.374959275080859911e-01 9.767442923760132345e-01
3.424919127583013201e-01 9.636864498084807273e-01
3.475179694433840893e-01 9.823833461470297124e-01
3.525059921296319621e-01 9.582866568011467745e-01
3.575140093809558994e-01 9.684840636139954162e-01
3.625250121899725175e-01 9.725541067025840203e-01
3.675230343842291747e-01 9.763652124947248545e-01
3.725176954699487286e-01 9.540817295271943888e-01
3.775162922269588162e-01 9.408577838043108432e-01
3.825226775013820801e-01 9.471295980900885647e-01
3.875129949299158105e-01 9.522145393800715008e-01
3.924957752247317244e-01 9.563370701385646155e-01
