1.293222785829474183e-02 1.093767116107662307e+00
1.764839540059406214e-02 1.027603134334400314e+00
2.256548624743046419e-02 9.987736214761551157e-01
2.777643631869636254e-02 9.873779444396002525e-01
3.269804945164274390e-02 9.893913245072248897e-01
3.761648412163148131e-02 9.828174574533552477e-01
4.263843590653305232e-02 9.702408892066426427e-01
4.756514397867403487e-02 9.719489501784447372e-01
5.262095846540339877e-02 1.000053637673811835e+00
5.756031579008965421e-02 9.888623831655716234e-01
6.254738086573084777e-02 1.004705114946700339e+00
6.757793245805245042e-02 9.908135775387522104e-01
7.255917271873940644e-02 1.010995310207209785e+00
7.753384095836815537e-02 1.006688055881910460e+00
8.251793095580772786e-02 1.014703807879403064e+00
8.752751585855109151e-02 1.013418246754995478e+00
9.254701595891277888e-02 1.020881407165199484e+00
9.754962816585227570e-02 1.022852884860672606e+00
1.025319577549816258e-01 1.008443212298043790e+00
1.075115963337572589e-01 1.010100010922873270e+00
1.125102824869452789e-01 1.015262800997853265e+00
1.175500815351475520e-01 1.001393698022256418e+00
1.225369407693439883e-01 9.926808568282311507e-01
1.275260915928623784e-01 9.982684604186757849e-01
1.325302049517290692e-01 9.898118661138759489e-01
1.375062658167523211e-01 9.830528615819484894e-01
1.425134383761389734e-01 9.813534672056654085e-01
1.475259185391497030e-01 9.541232357086565363e-01
1.525299392618520711e-01 9.411866708061241704e-01
1.574945641255308948e-01 9.395449111723941371e-01
1.625189271701958649e-01 9.188408573872429708e-01
1.675460952755878641e-01 9.210283545048404408e-01
1.725291960336882702e-01 8.985301399101287556e-01
1.775301907015699454e-01 9.005978658908452283e-01
1.825147596880774270e-01 8.852466465692924169e-01
1.875360659894858284e-01 8.652065653424061420e-01
1.925323612841613186e-01 8.677688583487582763e-01
1.975198597713469784e-01 8.496772246774512150e-01
2.025153626490957537e-01 8.410863843770517434e-01
2.075088432181977638e-01 8.051764866226412964e-01
2.125177993514315300e-01 7.890278344004157951e-01
2.175004105537196031e-01 7.944274842139120718e-01
2.225093097263722841e-01 7.695388340216569034e-01
2.275289518807653844e-01 7.521561333185592391e-01
2.325285335280651844e-01 7.421921622237814820e-01
2.375276482184169591e-01 7.195241883639377223e-01
2.424990955345757426e-01 7.196300182495994902e-01
2.474998477592638135e-01 7.033498831578405275e-01
2.525200231637340087e-01 7.000693624514731095e-01
2.575182183021309523e-01 6.752547713056074041e-01
2.625255611121785626e-01 6.686137601216504134e-01
2.675305453620265839e-01 6.477117854793220664e-01
2.725404518957729172e-01 6.387780522627848345e-01
2.775333128253931747e-01 6.143712290538743126e-01
2.825123834702270575e-01 6.022340720245573653e-01
2.875104583320112761e-01 5.884903146446945899e-01
2.924971256070409975e-01 5.905554962023878973e-01
2.975058753683166857e-01 5.688360768498054165e-01
3.025121290118005790e-01 5.608810829151478217e-01
3.075010305668674504e-01 5.426709705661288963e-01
3.125134098098726332e-01 5.298613830463448915e-01
3.175159610161298329e-01 5.118805284296283897e-01
3.225221298316590657e-01 4.948298129981909543e-01
3.275181648077026830e-01 4.909658227226088578e-01
3.325123749530841666e-01 4.822245522320340871e-01
3.374959275080859911e-01 4.688206253273844992e-01
3.424919127583013201e-01 4.477711380952369979e-01
3.475179694433840893e-01 4.436476989514541724e-01
3.525059921296319621e-01 4.277057777903104929e-01
3.575140093809558994e-01 4.212916191004875133e-01
3.625250121899725175e-01 4.165307625951638060e-01
3.675230343842291747e-01 3.978390684528370635e-01
3.725176954699487286e-01 3.789658391819266670e-01
3.775162922269588162e-01 3.753919614461206922e-01
3.825226775013820801e-01 3.518788213360889428e-01
3.875129949299158105e-01 3.575132205313904521e-01
3.924957752247317244e-01 3.508599213280786944e-01
