1.293222785829474704e-02 4.401790477858868690e+04 -4.955111035178470047e+03 -1.784198756154764851e+04
1.764839540059406561e-02 4.402142693602084182e+04 3.859817876924172197e+03 1.339391141508465444e+04
2.256548624743046419e-02 3.936650321299078496e+04 -1.375013093251596274e+03 -1.004639998330553317e+04
2.777643631869635907e-02 3.792933292929443996e+04 4.312293428373332063e+03 2.367264851484693281e+03
3.269804945164275778e-02 3.252688913496699752e+04 2.112414571031818468e+03 -3.325290725294907588e+03
3.761648412163148131e-02 2.810285547133290311e+04 -1.218005908390951845e+03 5.368433410931490471e+03
4.263843590653305232e-02 2.409576916969784361e+04 7.643972735982829363e+02 -6.295969998393113656e+02
4.756514397867404875e-02 2.282590622588656697e+04 9.123862024238890172e+02 -3.108597397898166037e+03
5.262095846540341265e-02 2.163030697413035523e+04 1.784947918812040143e+03 3.377343471870671237e+03
5.756031579008963339e-02 2.092159778678347357e+04 2.564729652384567999e+03 5.844214885937559529e+02
6.254738086573086164e-02 1.891017038596496423e+04 4.845179322027104718e+03 2.458392653811168202e+03
6.757793245805245042e-02 1.804861324638061342e+04 2.097007953942067161e+03 -1.980243808980356789e+03
7.255917271873942032e-02 1.767543352681351098e+04 3.655966074919867424e+03 1.966234683623005822e+03
7.753384095836815537e-02 1.664035639099555556e+04 3.352164621005393656e+03 7.278258473687710648e+02
8.251793095580771398e-02 1.458401936398299586e+04 2.528836749096871245e+03 -1.089869399846962096e+03
8.752751585855109151e-02 1.402156075953799336e+04 3.870063961104293412e+03 1.127549094271540525e+03
9.254701595891277888e-02 1.248802169986045374e+04 3.637646030090586464e+03 7.650298070901061465e+02
9.754962816585226182e-02 1.174237872261970915e+04 3.515353680030256328e+03 -1.595631804881547282e+02
1.025319577549816258e-01 1.059197727367841617e+04 3.227453263286631682e+03 3.521559370955870918e+02
1.075115963337572866e-01 1.025202082973232245e+04 3.337023821415354178e+03 2.937023216170260866e+02
1.125102824869452650e-01 9.664638321943049959e+03 3.377383688590763541e+03 8.028781775795655449e+02
1.175500815351475242e-01 9.323838972901288798e+03 3.000696275835096003e+03 3.503716194437477043e+02
1.225369407693439744e-01 8.950120586290415304e+03 2.835552995135754372e+03 -4.508221216187417326e+02
1.275260915928624339e-01 8.864005765994530520e+03 3.013646540127111166e+03 -1.295970440726407844e+02
1.325302049517290137e-01 8.437929748482716604e+03 3.046608984140491430e+03 -3.516208575975640542e+02
1.375062658167522933e-01 8.103546162600776370e+03 2.728807669555989378e+03 3.114574368023651800e+02
1.425134383761389734e-01 7.441478240589844063e+03 2.985566949969936104e+03 2.759285085811996652e+01
1.475259185391497307e-01 7.056457165906514092e+03 2.352212197350164388e+03 1.843130831453034943e+02
1.525299392618520156e-01 6.545527953046568655e+03 2.137280754080476527e+03 2.763436816710275821e+02
1.574945641255309781e-01 6.162249950476367303e+03 2.017805004929585721e+03 -8.755831057495394134e+02
1.625189271701958926e-01 5.723052532303897351e+03 2.014488916981724969e+03 2.597548111165663087e+01
1.675460952755879196e-01 5.498053141823185797e+03 2.307109251674675306e+03 2.424532377092994579e+02
1.725291960336882979e-01 5.298615453684082240e+03 1.816341277972805756e+03 5.401938153470302950e+02
1.775301907015698066e-01 5.157145441624076739e+03 1.989697326254688960e+03 3.122888010293858230e+01
1.825147596880775103e-01 4.976644351007904334e+03 1.893404848825507997e+03 -1.556107882490029510e+02
1.875360659894857451e-01 4.757450241624619593e+03 1.549445000481676061e+03 -2.108068650372226216e+01
1.925323612841613186e-01 4.608712594732420257e+03 1.631370628034835363e+03 -4.121240656267056579e+02
1.975198597713471171e-01 4.524490921778096890e+03 1.550201921749480789e+03 2.559779713046565064e+02
2.025153626490958370e-01 4.441200901573970441e+03 1.500602975149070971e+03 9.925141474591242741e+01
2.075088432181978193e-01 4.114030372624881238e+03 1.336843906506653411e+03 8.153755848667277206e+00
2.125177993514316133e-01 3.966046618024860436e+03 1.194546526215668564e+03 1.850926804795540477e+02
2.175004105537195198e-01 3.834262808053269964e+03 1.327783281543409430e+03 -2.447342929700212437e+02
2.225093097263723396e-01 3.601669672994612483e+03 1.283756573674096899e+03 6.287059204366332210e+01
2.275289518807653011e-01 3.460414925098555614e+03 1.264394270473178494e+03 2.083829453641291707e+02
2.325285335280650179e-01 3.316149175673087484e+03 1.155444831738704579e+03 3.326068337541740050e+01
2.375276482184169313e-01 3.277571281372158410e+03 8.164784068622329869e+02 1.440149812802621625e+02
2.424990955345757149e-01 3.143849971134365205e+03 9.581908802708579742e+02 -2.441160374618370668e+02
2.474998477592638968e-01 3.048354464584866037e+03 9.605306003401648240e+02 8.989793088844426450e+01
2.525200231637341752e-01 3.017378511573122069e+03 1.105548322458861776e+03 -6.496996816493727067e+01
2.575182183021309523e-01 2.900418638422605454e+03 8.386045615431023634e+02 -3.292976416642554938e+01
2.625255611121785626e-01 2.877357458598029098e+03 7.992614957827665876e+02 2.448450206020080699e+01
2.675305453620265839e-01 2.805593095870749494e+03 7.640171055419933737e+02 3.871867388070916860e+01
2.725404518957729727e-01 2.676090398115286916e+03 7.206282211734830980e+02 1.601382381992004298e+02
2.775333128253931192e-01 2.595646929113985607e+03 6.983550086479563106e+02 8.849489478915607776e+01
2.825123834702271686e-01 2.476545398929667499e+03 7.204272017615961659e+02 3.718025162952790907e+01
2.875104583320114426e-01 2.424930220907586317e+03 5.970844830159468302e+02 -5.789994903591075115e+01
2.924971256070411640e-01 2.406979354237801090e+03 6.828651248918822603e+02 -3.938098228834733732e+02
2.975058753683165191e-01 2.281113384982309981e+03 6.113078661773843123e+02 1.019352742186143956e+02
3.025121290118005235e-01 2.249810305047008569e+03 6.778006037985484227e+02 -4.210185358199476013e+01
3.075010305668673949e-01 2.243052134786433271e+03 5.966069529693199911e+02 1.407651734263888557e+02
3.125134098098726887e-01 2.127572270574417871e+03 5.595721144622456222e+02 -1.366191593824621009e+02
3.175159610161297774e-01 2.053707650000613285e+03 5.057065425635236693e+02 -1.474868695764280631e+02
3.225221298316590657e-01 2.023036346425830743e+03 5.301526053236513008e+02 -9.835489604319202783e+01
3.275181648077027941e-01 1.980480060588772403e+03 5.340913457694003910e+02 -2.338716065064612337e+01
3.325123749530835560e-01 1.944680555701894946e+03 4.863589382150063898e+02 1.237875248055905786e+01
3.374959275080859911e-01 1.895089855717499177e+03 4.377119148960779285e+02 1.550354087922554136e+01
3.424919127583015421e-01 1.806633999408544469e+03 4.303074419171107365e+02 3.006803818992329980e+01
3.475179694433842004e-01 1.815397623674816714e+03 4.679621559707952656e+02 1.367642042694635336e+02
3.525059921296324061e-01 1.720773478140208454e+03 4.096644121580899309e+02 -2.138122927264567252e+01
3.575140093809565101e-01 1.694976156701896343e+03 4.461458999257225173e+02 4.197028197149692375e+01
3.625250121899725730e-01 1.681599957429438064e+03 3.890296461762407603e+02 -5.474259732214552088e+01
3.675230343842289527e-01 1.652519257536431269e+03 4.101926280981088553e+02 -6.495245352108092618e+01
3.725176954699487841e-01 1.585093774890813165e+03 3.160670520482980237e+02 1.049220058168645942e+01
3.775162922269592047e-01 1.531601811837369951e+03 2.563050973867534026e+02 -1.135065857954403441e+02
3.825226775013821356e-01 1.538888904136723113e+03 2.477804531338750280e+02 6.850071618023403630e+01
3.875129949299154775e-01 1.475791989933354898e+03 3.253310846884730267e+02 -4.814230654570243217e+01
3.924957752247315024e-01 1.488705029297620058e+03 2.446908839861310696e+02 6.716157953163110506e+01
