1.293222785829474704e-02 3.873810848533361423e+04 -1.262498502494797140e+04 -1.252218968146518273e+04
1.764839540059406561e-02 4.079256112178918556e+04 -2.327038082590334398e+03 1.267434828858997935e+04
2.256548624743046419e-02 3.788401670778216794e+04 -3.382434358673364386e+03 -8.707267341530619888e+03
2.777643631869635907e-02 3.734737840132165002e+04 3.442748159947218937e+03 2.631467246108989457e+03
3.269804945164275778e-02 3.238070710442842028e+04 2.024878215672892111e+03 -3.340318390339591133e+03
3.761648412163148131e-02 2.807132882497663013e+04 -1.430182906411430622e+03 5.308191139509411187e+03
4.263843590653305232e-02 2.411803094529816735e+04 7.717426339844270160e+02 -5.177666452189250776e+02
4.756514397867404875e-02 2.287377306287338433e+04 1.000989503208728479e+03 -3.074537693846813909e+03
5.262095846540341265e-02 2.169932208108668783e+04 1.603787955775882438e+03 3.358589964679024433e+03
5.756031579008963339e-02 2.083537951329025236e+04 2.575561820561874811e+03 5.264405087207633187e+02
6.254738086573086164e-02 1.891885930968862158e+04 4.753481004982064405e+03 2.396128228673986996e+03
6.757793245805245042e-02 1.806591346089158469e+04 2.126478726537875900e+03 -2.071611908586329719e+03
7.255917271873942032e-02 1.768978726715348603e+04 3.584180180360550821e+03 2.037625482136603523e+03
7.753384095836815537e-02 1.663056194998682986e+04 3.396893072762400152e+03 8.031699255522308931e+02
8.251793095580771398e-02 1.459584549313718344e+04 2.627488609642692154e+03 -1.006101967851900781e+03
8.752751585855109151e-02 1.404061166787059119e+04 3.735999659059244095e+03 9.594341712870270840e+02
9.254701595891277888e-02 1.249289111570673595e+04 3.667387686962864791e+03 7.093794795388002967e+02
9.754962816585226182e-02 1.168423016330796781e+04 3.295790450377970956e+03 -1.507187151738147293e+02
1.025319577549816258e-01 1.058815813000150774e+04 3.213816436323912058e+03 4.579580278775123929e+02
1.075115963337572866e-01 1.020889565582358227e+04 3.331466483740512558e+03 2.278759046844666045e+02
1.125102824869452650e-01 9.651717278541265841e+03 3.368550063783726273e+03 8.071060607378564100e+02
1.175500815351475242e-01 9.328141853534891197e+03 2.964723038472150165e+03 2.818188554477851540e+02
1.225369407693439744e-01 8.930458403717142573e+03 2.788767979472438583e+03 -5.612125266043444753e+02
1.275260915928624339e-01 8.844905749719458981e+03 2.913639534725541125e+03 -2.067651542642109064e+02
1.325302049517290137e-01 8.433251796289267077e+03 3.094049558648427137e+03 -2.406565177290860618e+02
1.375062658167522933e-01 8.080625160169989613e+03 2.746932184228636743e+03 2.999444736180796554e+02
1.425134383761389734e-01 7.445559454551376803e+03 2.970050517044224307e+03 3.234949164661097853e+01
1.475259185391497307e-01 7.002420845671674215e+03 2.259688846093497432e+03 2.318137368403558867e+02
1.525299392618520156e-01 6.525810350186321557e+03 2.107905702548334375e+03 2.239758247924408749e+02
1.574945641255309781e-01 6.162532638735638102e+03 2.050634423281638647e+03 -1.023160017925384295e+03
1.625189271701958926e-01 5.697572335932398346e+03 1.979695660872159351e+03 1.044434498198556867e+02
1.675460952755879196e-01 5.495255461093438498e+03 2.330825502585325466e+03 1.864743919626807269e+02
1.725291960336882979e-01 5.244086789557895827e+03 1.751081813919110573e+03 5.552799076808051950e+02
1.775301907015698066e-01 5.144087270138271379e+03 1.972564598837197309e+03 5.801402505949980082e+01
1.825147596880775103e-01 4.968877572706159299e+03 1.842269950022489184e+03 -1.826992889326586464e+02
1.875360659894857451e-01 4.766755914438868786e+03 1.621835741289178486e+03 8.134562032087475814e+01
1.925323612841613186e-01 4.598514164223324769e+03 1.639460922611536489e+03 -3.423631632224689838e+02
1.975198597713471171e-01 4.519169227199633497e+03 1.523788177285086476e+03 1.495209101665755043e+02
2.025153626490958370e-01 4.434834755650595980e+03 1.464800006596071853e+03 5.923310772586713568e+01
2.075088432181978193e-01 4.124726151843108710e+03 1.296286447038806500e+03 7.830092452175439632e+01
2.125177993514316133e-01 3.940199728689383846e+03 1.155234931223069907e+03 1.015907161564501422e+02
2.175004105537195198e-01 3.817969900613248683e+03 1.353723948126432560e+03 -2.334939191783163039e+02
2.225093097263723396e-01 3.576443371362171092e+03 1.240874451529585031e+03 6.116384060271951029e+01
2.275289518807653011e-01 3.458710024668378992e+03 1.298985807391462913e+03 2.070074303693581896e+02
2.325285335280650179e-01 3.294783262289482991e+03 1.127189353168626667e+03 5.220643738303970594e+01
2.375276482184169313e-01 3.278482544315902032e+03 8.760325969350025161e+02 1.380726974454174467e+02
2.424990955345757149e-01 3.154544614947853461e+03 9.264356283806997681e+02 -2.430931932136843159e+02
2.474998477592638968e-01 3.032604831811911481e+03 9.262526094360259776e+02 1.541012307115331659e+01
2.525200231637341752e-01 3.008856571324726247e+03 1.107689273206701955e+03 -5.231291362801366773e+01
2.575182183021309523e-01 2.902733944270278243e+03 8.991795662887647040e+02 -1.942167967620633817e-02
2.625255611121785626e-01 2.871382370009573151e+03 7.615462333139284965e+02 -6.146292316160412383e+01
2.675305453620265839e-01 2.806491672984481283e+03 7.608566017014971976e+02 1.085210925777552262e+02
2.725404518957729727e-01 2.640628058957558096e+03 6.853820907295159941e+02 1.487532569346764717e+02
2.775333128253931192e-01 2.583312781405040369e+03 6.799302878397429595e+02 2.955325846177603211e+01
2.825123834702271686e-01 2.486660197445967697e+03 7.346521218110243581e+02 1.485817825393405478e+01
2.875104583320114426e-01 2.419795769496109187e+03 6.389883175568614888e+02 -4.486005144631056396e+01
2.924971256070411640e-01 2.413385448079660364e+03 6.227096028421910887e+02 -3.762164950560684247e+02
2.975058753683165191e-01 2.277051255208088605e+03 6.458692656775531304e+02 1.590446571379988825e+02
3.025121290118005235e-01 2.244443478089870041e+03 6.768193601293537540e+02 -7.791419057067464848e+01
3.075010305668673949e-01 2.236550244049564299e+03 5.653123599003849904e+02 8.197484687288492466e+01
3.125134098098726887e-01 2.113235238936269070e+03 5.700941461233353493e+02 -7.393094088450037304e+01
3.175159610161297774e-01 2.071255085163900731e+03 4.956701756506456604e+02 -1.304775765650715016e+02
3.225221298316590657e-01 1.999961352875791590e+03 5.013265924654810419e+02 -5.726702274381100466e+01
3.275181648077027941e-01 1.970164079086658148e+03 5.391528855410150527e+02 -3.265099257003031852e+01
3.325123749530835560e-01 1.944524805573309095e+03 5.057029144541680807e+02 -3.937063496186780043e+01
3.374959275080859911e-01 1.892302315161675097e+03 4.038187700520326757e+02 -3.978617076708015787e+01
3.424919127583015421e-01 1.799160847746134323e+03 4.220665088066198223e+02 5.113943379148302881e+01
3.475179694433842004e-01 1.823812625506673385e+03 4.571484697178531746e+02 1.317259176585426417e+02
3.525059921296324061e-01 1.692986701191484372e+03 3.801061281065893240e+02 -1.287010758997400117e+01
3.575140093809565101e-01 1.686254165341772932e+03 4.395780083773228171e+02 1.144169130765182096e+01
3.625250121899725730e-01 1.674436092970294567e+03 4.146915302391581122e+02 -4.989284197232381501e+01
3.675230343842289527e-01 1.652886270221833229e+03 3.742075759233201211e+02 -3.187924378295950767e+00
3.725176954699487841e-01 1.579021276114711782e+03 3.154074092759979635e+02 7.446170596906787509e+00
3.775162922269592047e-01 1.544674341227471587e+03 2.928864009993754962e+02 -1.648229456665046087e+02
3.825226775013821356e-01 1.514505821141415709e+03 2.043230934702400532e+02 5.392569787830709771e+01
3.875129949299154775e-01 1.485869149372654647e+03 3.092412067341398370e+02 4.310709993705211218e+01
3.924957752247315024e-01 1.485474268019248257e+03 2.325154770194876903e+02 2.269923553635415203e+01
