1.293222785829474704e-02 5.058182671525012847e+04 5.001418638247449053e+03 -2.317035920832795091e+04
1.764839540059406561e-02 5.322541107673899387e+04 2.681720310772385710e+04 2.259350627495621666e+04
2.256548624743046419e-02 4.967786387107673363e+04 1.893886572916846853e+04 -1.217746290213965949e+04
2.777643631869635907e-02 5.021959009643556783e+04 2.695665668730592370e+04 9.036041151999173962e+03
3.269804945164275778e-02 4.272984601350511366e+04 1.817476643169685121e+04 4.612097541386747253e+02
3.761648412163148131e-02 3.567203677657918888e+04 1.600480612057701182e+04 5.970889404386939532e+03
4.263843590653305232e-02 3.129042075414534702e+04 1.465543203165331033e+04 4.287216699485663298e+02
4.756514397867404875e-02 2.928436836216752999e+04 1.290190712875929785e+04 -2.871155410708275213e+03
5.262095846540341265e-02 2.661253034180968461e+04 1.117341891584023688e+04 3.527852628575049039e+03
5.756031579008963339e-02 2.603147108983117141e+04 1.095251193092424182e+04 2.183155731281943019e+02
6.254738086573086164e-02 2.353112039914872730e+04 1.269500451227881422e+04 2.597103202018528918e+03
6.757793245805245042e-02 2.167731812818909748e+04 8.548783645349538347e+03 -2.469564198126673546e+03
7.255917271873942032e-02 2.068803278162284914e+04 8.730758630372525658e+03 1.214551908055989543e+03
7.753384095836815537e-02 1.943705054439476953e+04 8.919518521333760873e+03 1.065604551516236825e+03
8.251793095580771398e-02 1.694664151097698777e+04 5.462532597023433482e+03 -5.339751652062514609e+01
8.752751585855109151e-02 1.609293634067613311e+04 7.263485527883375653e+03 4.867072852173051842e+02
9.254701595891277888e-02 1.454264400477958770e+04 6.376176278309054396e+03 1.454283135640563160e+03
9.754962816585226182e-02 1.339409288329157243e+04 5.843579855144785142e+03 2.235455506166533439e+02
1.025319577549816258e-01 1.217570347572176797e+04 5.737782102243743793e+03 1.076833490535424147e+02
1.075115963337572866e-01 1.173491016889921411e+04 4.675784748351235066e+03 -1.924048776055200562e+02
1.125102824869452650e-01 1.087706309621249238e+04 4.592018945191828607e+03 6.468947415996592554e+02
1.175500815351475242e-01 1.056995789356515706e+04 4.421773142699658820e+03 3.505594368330687303e+02
1.225369407693439744e-01 1.017507559995454176e+04 3.839646200982666414e+03 -4.021134350398716606e+02
1.275260915928624339e-01 9.771413041153064114e+03 3.987157339264132588e+03 3.682079575506352285e+02
1.325302049517290137e-01 9.310911226329541023e+03 3.810877262310527840e+03 -4.167239244701408438e+02
1.375062658167522933e-01 8.746215209302730727e+03 3.751301773178211988e+03 9.009759453074432258e+02
1.425134383761389734e-01 8.257689582014934786e+03 3.443903999879824823e+03 -4.142118074341508560e+01
1.475259185391497307e-01 7.853525808823938860e+03 2.969745098897369189e+03 -1.204336819336753450e+02
1.525299392618520156e-01 7.296775695973889015e+03 2.567287866983224831e+03 2.867606235536385384e+02
1.574945641255309781e-01 6.879347208226552539e+03 2.786145190099151023e+03 -5.391364882100733666e+02
1.625189271701958926e-01 6.463860680997666350e+03 2.585042414073251166e+03 7.161497503504213569e+01
1.675460952755879196e-01 6.297659589602596498e+03 2.582997439506990759e+03 6.816817384319474371e+00
1.725291960336882979e-01 6.036430287206365392e+03 2.395290447387699714e+03 3.491717006567100157e+02
1.775301907015698066e-01 5.790070061820241790e+03 2.321493036840488458e+03 2.468391880125139437e+02
1.825147596880775103e-01 5.583075793934600370e+03 2.369739760793514051e+03 1.359627540148434122e+01
1.875360659894857451e-01 5.443634615686733014e+03 2.102634015234413255e+03 2.332252721636370438e+02
1.925323612841613186e-01 5.249409373345076347e+03 2.087770687659471150e+03 -1.403795453475855766e+02
1.975198597713471171e-01 5.103265963269472195e+03 2.044093198981380738e+03 3.697105408487610703e+02
2.025153626490958370e-01 4.945673314204010239e+03 1.934556572017409508e+03 5.629231837252144288e+01
2.075088432181978193e-01 4.638543648201000906e+03 1.748355198686775793e+03 1.319490160447296887e+02
2.125177993514316133e-01 4.513167403881399878e+03 1.779826750534180974e+03 4.480101034062766416e+02
2.175004105537195198e-01 4.415721214444582074e+03 1.616910816334943320e+03 -8.530272330782507595e+01
2.225093097263723396e-01 4.156723684393021358e+03 1.661481987013527487e+03 2.039999156133243901e+02
2.275289518807653011e-01 4.059101555865942373e+03 1.657276964645633598e+03 4.653818117832510382e+01
2.325285335280650179e-01 3.890133743458842673e+03 1.782906145481445037e+03 2.438719859039551068e+02
2.375276482184169313e-01 3.790772815516393621e+03 1.388160102473528696e+03 2.190484355996202339e+02
2.424990955345757149e-01 3.636432180755153240e+03 1.503132376286445833e+03 -4.972949432890993648e+01
2.474998477592638968e-01 3.546125293177524782e+03 1.408307059380323381e+03 2.040129535288326394e+02
2.525200231637341752e-01 3.446962482696372263e+03 1.321810049613805859e+03 1.284703422651474796e+02
2.575182183021309523e-01 3.400681793420608756e+03 1.300994036854296837e+03 1.161416814895175378e+02
2.625255611121785626e-01 3.303354262066824958e+03 1.190243601894827862e+03 1.248529468502040487e+02
2.675305453620265839e-01 3.181932028224965052e+03 1.190804051607156680e+03 1.293516260128240560e+02
2.725404518957729727e-01 3.127080604191993189e+03 1.171322191300609575e+03 7.700454830771775505e+01
2.775333128253931192e-01 3.016365751882845871e+03 1.146984812810115500e+03 2.020373226976646777e+02
2.825123834702271686e-01 2.891977626899728875e+03 1.068854536154975676e+03 1.607859851808290443e+02
2.875104583320114426e-01 2.821712359296383966e+03 1.086794143783657091e+03 1.739910733801063429e+02
2.924971256070411640e-01 2.759287322144408336e+03 9.680373400235331474e+02 -1.609567185684958019e+02
2.975058753683165191e-01 2.694170214628839403e+03 8.747543096113865886e+02 1.299229647345165688e+02
3.025121290118005235e-01 2.619134109013747093e+03 9.421578562129776628e+02 -7.078432391642633936e-01
3.075010305668673949e-01 2.559658036373924460e+03 9.601612596262755233e+02 1.891432635884750937e+02
3.125134098098726887e-01 2.472543505520027338e+03 9.066578689405921523e+02 -5.402570600306639648e+01
3.175159610161297774e-01 2.421810437875538355e+03 8.705319840329378849e+02 2.639730616621087478e+01
3.225221298316590657e-01 2.369038169675027348e+03 8.616737659647549208e+02 3.983441060585912652e+01
3.275181648077027941e-01 2.339318917667925234e+03 8.653222555847484045e+02 4.218340725187805162e+01
3.325123749530835560e-01 2.281799765823087910e+03 7.647972094477073597e+02 1.324522625710380055e+02
3.374959275080859911e-01 2.202354635275307373e+03 7.476060477743718593e+02 3.972996405764055083e+01
3.424919127583015421e-01 2.156365532187646750e+03 7.157198354646798180e+02 4.641745592518325481e+01
3.475179694433842004e-01 2.113580087213478691e+03 7.619524736103253417e+02 1.143579111566715767e+02
3.525059921296324061e-01 2.055313210075180905e+03 7.070734348505674234e+02 2.095218646776922711e+01
3.575140093809565101e-01 2.014638532969051312e+03 6.833092155754883379e+02 -3.127011918200532747e+01
3.625250121899725730e-01 1.964275323068103717e+03 6.449806913684880101e+02 2.505533510992884683e+00
3.675230343842289527e-01 1.932187232500487198e+03 6.521923834081480891e+02 4.652579952809759334e+01
3.725176954699487841e-01 1.861103673251433065e+03 6.117890355428143039e+02 4.707987608468350516e+01
3.775162922269592047e-01 1.830082750214013458e+03 5.928116950568992252e+02 -3.158794577723218566e+01
3.825226775013821356e-01 1.802905891766344666e+03 5.731332811907296900e+02 8.245008285226377609e+01
3.875129949299154775e-01 1.751691250391394760e+03 5.159493255200040949e+02 1.983937473021597597e+01
3.924957752247315024e-01 1.738496244557104319e+03 5.413377465230486223e+02 6.488031008671958944e+01
